T TP FP FN TN TPR FPR 
0 151 1111 0 0 1.000000 1.000000
1 151 1111 0 0 1.000000 1.000000
2 151 1111 0 0 1.000000 1.000000
3 151 1111 0 0 1.000000 1.000000
4 151 1111 0 0 1.000000 1.000000
5 151 1111 0 0 1.000000 1.000000
6 151 1111 0 0 1.000000 1.000000
7 151 1111 0 0 1.000000 1.000000
8 151 1111 0 0 1.000000 1.000000
9 151 1111 0 0 1.000000 1.000000
10 151 1111 0 0 1.000000 1.000000
11 151 1111 0 0 1.000000 1.000000
12 151 1111 0 0 1.000000 1.000000
13 151 1111 0 0 1.000000 1.000000
14 151 1111 0 0 1.000000 1.000000
15 151 1111 0 0 1.000000 1.000000
16 151 1111 0 0 1.000000 1.000000
17 151 1111 0 0 1.000000 1.000000
18 151 1111 0 0 1.000000 1.000000
19 151 1111 0 0 1.000000 1.000000
20 151 1111 0 0 1.000000 1.000000
21 151 1111 0 0 1.000000 1.000000
22 151 1111 0 0 1.000000 1.000000
23 151 1111 0 0 1.000000 1.000000
24 151 1111 0 0 1.000000 1.000000
25 151 1111 0 0 1.000000 1.000000
26 151 1111 0 0 1.000000 1.000000
27 151 1111 0 0 1.000000 1.000000
28 151 1111 0 0 1.000000 1.000000
29 151 1111 0 0 1.000000 1.000000
30 151 1111 0 0 1.000000 1.000000
31 151 1111 0 0 1.000000 1.000000
32 151 1111 0 0 1.000000 1.000000
33 151 1111 0 0 1.000000 1.000000
34 151 1111 0 0 1.000000 1.000000
35 151 1111 0 0 1.000000 1.000000
36 151 1111 0 0 1.000000 1.000000
37 151 1111 0 0 1.000000 1.000000
38 151 1111 0 0 1.000000 1.000000
39 151 1111 0 0 1.000000 1.000000
40 151 1111 0 0 1.000000 1.000000
41 151 1111 0 0 1.000000 1.000000
42 151 1111 0 0 1.000000 1.000000
43 151 1111 0 0 1.000000 1.000000
44 151 1111 0 0 1.000000 1.000000
45 151 1111 0 0 1.000000 1.000000
46 151 1111 0 0 1.000000 1.000000
47 151 1111 0 0 1.000000 1.000000
48 151 1111 0 0 1.000000 1.000000
49 151 1111 0 0 1.000000 1.000000
50 151 1111 0 0 1.000000 1.000000
51 151 1111 0 0 1.000000 1.000000
52 151 1111 0 0 1.000000 1.000000
53 151 1111 0 0 1.000000 1.000000
54 151 1111 0 0 1.000000 1.000000
55 151 1111 0 0 1.000000 1.000000
56 151 1111 0 0 1.000000 1.000000
57 151 1111 0 0 1.000000 1.000000
58 151 1111 0 0 1.000000 1.000000
59 151 1111 0 0 1.000000 1.000000
60 151 1111 0 0 1.000000 1.000000
61 151 1111 0 0 1.000000 1.000000
62 151 1111 0 0 1.000000 1.000000
63 151 1111 0 0 1.000000 1.000000
64 151 1111 0 0 1.000000 1.000000
65 151 1111 0 0 1.000000 1.000000
66 151 1111 0 0 1.000000 1.000000
67 151 1111 0 0 1.000000 1.000000
68 151 1111 0 0 1.000000 1.000000
69 151 1111 0 0 1.000000 1.000000
70 151 1111 0 0 1.000000 1.000000
71 151 1111 0 0 1.000000 1.000000
72 151 1111 0 0 1.000000 1.000000
73 151 1111 0 0 1.000000 1.000000
74 151 1111 0 0 1.000000 1.000000
75 151 1111 0 0 1.000000 1.000000
76 151 1111 0 0 1.000000 1.000000
77 151 1111 0 0 1.000000 1.000000
78 151 1111 0 0 1.000000 1.000000
79 151 1111 0 0 1.000000 1.000000
80 151 1111 0 0 1.000000 1.000000
81 151 1111 0 0 1.000000 1.000000
82 151 1111 0 0 1.000000 1.000000
83 151 1111 0 0 1.000000 1.000000
84 151 1111 0 0 1.000000 1.000000
85 151 1111 0 0 1.000000 1.000000
86 151 1111 0 0 1.000000 1.000000
87 151 1111 0 0 1.000000 1.000000
88 151 1111 0 0 1.000000 1.000000
89 151 1111 0 0 1.000000 1.000000
90 151 1111 0 0 1.000000 1.000000
91 151 1111 0 0 1.000000 1.000000
92 151 1111 0 0 1.000000 1.000000
93 151 1111 0 0 1.000000 1.000000
94 151 1111 0 0 1.000000 1.000000
95 151 1111 0 0 1.000000 1.000000
96 151 1111 0 0 1.000000 1.000000
97 151 1111 0 0 1.000000 1.000000
98 151 1111 0 0 1.000000 1.000000
99 151 1111 0 0 1.000000 1.000000
100 151 1111 0 0 1.000000 1.000000
101 151 1111 0 0 1.000000 1.000000
102 151 1111 0 0 1.000000 1.000000
103 151 1111 0 0 1.000000 1.000000
104 151 1111 0 0 1.000000 1.000000
105 151 1111 0 0 1.000000 1.000000
106 151 1111 0 0 1.000000 1.000000
107 151 1111 0 0 1.000000 1.000000
108 151 1110 0 1 1.000000 0.999100
109 151 1110 0 1 1.000000 0.999100
110 151 1109 0 2 1.000000 0.998200
111 151 1109 0 2 1.000000 0.998200
112 151 1107 0 4 1.000000 0.996400
113 151 1106 0 5 1.000000 0.995500
114 151 1106 0 5 1.000000 0.995500
115 151 1103 0 8 1.000000 0.992799
116 151 1101 0 10 1.000000 0.990999
117 151 1099 0 12 1.000000 0.989199
118 151 1099 0 12 1.000000 0.989199
119 151 1097 0 14 1.000000 0.987399
120 151 1096 0 15 1.000000 0.986499
121 151 1095 0 16 1.000000 0.985599
122 151 1095 0 16 1.000000 0.985599
123 151 1095 0 16 1.000000 0.985599
124 151 1093 0 18 1.000000 0.983798
125 151 1093 0 18 1.000000 0.983798
126 151 1092 0 19 1.000000 0.982898
127 151 1088 0 23 1.000000 0.979298
128 151 1086 0 25 1.000000 0.977498
129 151 1082 0 29 1.000000 0.973897
130 151 1075 0 36 1.000000 0.967597
131 151 1073 0 38 1.000000 0.965797
132 151 1071 0 40 1.000000 0.963996
133 151 1062 0 49 1.000000 0.955896
134 151 1059 0 52 1.000000 0.953195
135 151 1052 0 59 1.000000 0.946895
136 151 1046 0 65 1.000000 0.941494
137 151 1034 0 77 1.000000 0.930693
138 151 1023 0 88 1.000000 0.920792
139 151 1005 0 106 1.000000 0.904590
140 151 986 0 125 1.000000 0.887489
141 151 975 0 136 1.000000 0.877588
142 151 962 0 149 1.000000 0.865887
143 151 949 0 162 1.000000 0.854185
144 151 934 0 177 1.000000 0.840684
145 151 920 0 191 1.000000 0.828083
146 151 908 0 203 1.000000 0.817282
147 151 881 0 230 1.000000 0.792979
148 151 855 0 256 1.000000 0.769577
149 151 834 0 277 1.000000 0.750675
150 151 819 0 292 1.000000 0.737174
151 151 797 0 314 1.000000 0.717372
152 151 773 0 338 1.000000 0.695770
153 151 760 0 351 1.000000 0.684068
154 151 731 0 380 1.000000 0.657966
155 151 707 0 404 1.000000 0.636364
156 151 686 0 425 1.000000 0.617462
157 151 663 0 448 1.000000 0.596760
158 151 648 0 463 1.000000 0.583258
159 151 634 0 477 1.000000 0.570657
160 151 622 0 489 1.000000 0.559856
161 151 598 0 513 1.000000 0.538254
162 151 582 0 529 1.000000 0.523852
163 151 561 0 550 1.000000 0.504951
164 151 547 0 564 1.000000 0.492349
165 151 534 0 577 1.000000 0.480648
166 151 519 0 592 1.000000 0.467147
167 151 504 0 607 1.000000 0.453645
168 151 494 0 617 1.000000 0.444644
169 151 476 0 635 1.000000 0.428443
170 151 461 0 650 1.000000 0.414941
171 151 444 0 667 1.000000 0.399640
172 151 427 0 684 1.000000 0.384338
173 151 413 0 698 1.000000 0.371737
174 151 396 0 715 1.000000 0.356436
175 151 375 0 736 1.000000 0.337534
176 151 362 0 749 1.000000 0.325833
177 151 342 0 769 1.000000 0.307831
178 151 329 0 782 1.000000 0.296130
179 151 317 0 794 1.000000 0.285329
180 151 300 0 811 1.000000 0.270027
181 151 289 0 822 1.000000 0.260126
182 151 281 0 830 1.000000 0.252925
183 151 266 0 845 1.000000 0.239424
184 151 253 0 858 1.000000 0.227723
185 151 244 0 867 1.000000 0.219622
186 151 234 0 877 1.000000 0.210621
187 151 217 0 894 1.000000 0.195320
188 151 206 0 905 1.000000 0.185419
189 151 195 0 916 1.000000 0.175518
190 151 183 0 928 1.000000 0.164716
191 151 166 0 945 1.000000 0.149415
192 151 163 0 948 1.000000 0.146715
193 151 154 0 957 1.000000 0.138614
194 151 146 0 965 1.000000 0.131413
195 150 136 1 975 0.993378 0.122412
196 149 128 2 983 0.986755 0.115212
197 149 119 2 992 0.986755 0.107111
198 149 113 2 998 0.986755 0.101710
199 147 104 4 1007 0.973510 0.093609
200 147 100 4 1011 0.973510 0.090009
201 147 91 4 1020 0.973510 0.081908
202 145 83 6 1028 0.960265 0.074707
203 145 79 6 1032 0.960265 0.071107
204 145 74 6 1037 0.960265 0.066607
205 145 70 6 1041 0.960265 0.063006
206 142 67 9 1044 0.940397 0.060306
207 141 62 10 1049 0.933775 0.055806
208 137 60 14 1051 0.907285 0.054005
209 134 57 17 1054 0.887417 0.051305
210 133 54 18 1057 0.880795 0.048605
211 130 51 21 1060 0.860927 0.045905
212 128 44 23 1067 0.847682 0.039604
213 126 43 25 1068 0.834437 0.038704
214 121 40 30 1071 0.801324 0.036004
215 118 36 33 1075 0.781457 0.032403
216 115 32 36 1079 0.761589 0.028803
217 110 31 41 1080 0.728477 0.027903
218 109 27 42 1084 0.721854 0.024302
219 104 24 47 1087 0.688742 0.021602
220 100 21 51 1090 0.662252 0.018902
221 96 20 55 1091 0.635762 0.018002
222 93 16 58 1095 0.615894 0.014401
223 90 12 61 1099 0.596026 0.010801
224 83 11 68 1100 0.549669 0.009901
225 81 9 70 1102 0.536424 0.008101
226 76 7 75 1104 0.503311 0.006301
227 75 6 76 1105 0.496689 0.005401
228 72 6 79 1105 0.476821 0.005401
229 68 5 83 1106 0.450331 0.004500
230 62 5 89 1106 0.410596 0.004500
231 56 4 95 1107 0.370861 0.003600
232 52 3 99 1108 0.344371 0.002700
233 46 2 105 1109 0.304636 0.001800
234 42 1 109 1110 0.278146 0.000900
235 39 1 112 1110 0.258278 0.000900
236 36 0 115 1111 0.238411 0.000000
237 33 0 118 1111 0.218543 0.000000
238 32 0 119 1111 0.211921 0.000000
239 27 0 124 1111 0.178808 0.000000
240 24 0 127 1111 0.158940 0.000000
241 24 0 127 1111 0.158940 0.000000
242 22 0 129 1111 0.145695 0.000000
243 18 0 133 1111 0.119205 0.000000
244 17 0 134 1111 0.112583 0.000000
245 13 0 138 1111 0.086093 0.000000
246 11 0 140 1111 0.072848 0.000000
247 6 0 145 1111 0.039735 0.000000
248 4 0 147 1111 0.026490 0.000000
249 4 0 147 1111 0.026490 0.000000
250 3 0 148 1111 0.019868 0.000000
251 3 0 148 1111 0.019868 0.000000
252 1 0 150 1111 0.006623 0.000000
253 1 0 150 1111 0.006623 0.000000
254 1 0 150 1111 0.006623 0.000000
255 1 0 150 1111 0.006623 0.000000
T TP FP FN TN TPR FPR 
0 151 1111 0 0 1.000000 1.000000
1 151 1111 0 0 1.000000 1.000000
2 151 1111 0 0 1.000000 1.000000
3 151 1111 0 0 1.000000 1.000000
4 151 1111 0 0 1.000000 1.000000
5 151 1111 0 0 1.000000 1.000000
6 151 1111 0 0 1.000000 1.000000
7 151 1111 0 0 1.000000 1.000000
8 151 1111 0 0 1.000000 1.000000
9 151 1111 0 0 1.000000 1.000000
10 151 1111 0 0 1.000000 1.000000
11 151 1111 0 0 1.000000 1.000000
12 151 1111 0 0 1.000000 1.000000
13 151 1111 0 0 1.000000 1.000000
14 151 1111 0 0 1.000000 1.000000
15 151 1111 0 0 1.000000 1.000000
16 151 1111 0 0 1.000000 1.000000
17 151 1111 0 0 1.000000 1.000000
18 151 1111 0 0 1.000000 1.000000
19 151 1111 0 0 1.000000 1.000000
20 151 1111 0 0 1.000000 1.000000
21 151 1111 0 0 1.000000 1.000000
22 151 1111 0 0 1.000000 1.000000
23 151 1111 0 0 1.000000 1.000000
24 151 1111 0 0 1.000000 1.000000
25 151 1111 0 0 1.000000 1.000000
26 151 1111 0 0 1.000000 1.000000
27 151 1111 0 0 1.000000 1.000000
28 151 1111 0 0 1.000000 1.000000
29 151 1111 0 0 1.000000 1.000000
30 151 1111 0 0 1.000000 1.000000
31 151 1111 0 0 1.000000 1.000000
32 151 1111 0 0 1.000000 1.000000
33 151 1111 0 0 1.000000 1.000000
34 151 1111 0 0 1.000000 1.000000
35 151 1111 0 0 1.000000 1.000000
36 151 1111 0 0 1.000000 1.000000
37 151 1111 0 0 1.000000 1.000000
38 151 1111 0 0 1.000000 1.000000
39 151 1111 0 0 1.000000 1.000000
40 151 1111 0 0 1.000000 1.000000
41 151 1111 0 0 1.000000 1.000000
42 151 1111 0 0 1.000000 1.000000
43 151 1111 0 0 1.000000 1.000000
44 151 1111 0 0 1.000000 1.000000
45 151 1111 0 0 1.000000 1.000000
46 151 1111 0 0 1.000000 1.000000
47 151 1111 0 0 1.000000 1.000000
48 151 1111 0 0 1.000000 1.000000
49 151 1111 0 0 1.000000 1.000000
50 151 1111 0 0 1.000000 1.000000
51 151 1111 0 0 1.000000 1.000000
52 151 1111 0 0 1.000000 1.000000
53 151 1111 0 0 1.000000 1.000000
54 151 1111 0 0 1.000000 1.000000
55 151 1111 0 0 1.000000 1.000000
56 151 1111 0 0 1.000000 1.000000
57 151 1111 0 0 1.000000 1.000000
58 151 1111 0 0 1.000000 1.000000
59 151 1111 0 0 1.000000 1.000000
60 151 1111 0 0 1.000000 1.000000
61 151 1111 0 0 1.000000 1.000000
62 151 1111 0 0 1.000000 1.000000
63 151 1111 0 0 1.000000 1.000000
64 151 1111 0 0 1.000000 1.000000
65 151 1111 0 0 1.000000 1.000000
66 151 1111 0 0 1.000000 1.000000
67 151 1111 0 0 1.000000 1.000000
68 151 1111 0 0 1.000000 1.000000
69 151 1111 0 0 1.000000 1.000000
70 151 1111 0 0 1.000000 1.000000
71 151 1111 0 0 1.000000 1.000000
72 151 1111 0 0 1.000000 1.000000
73 151 1111 0 0 1.000000 1.000000
74 151 1111 0 0 1.000000 1.000000
75 151 1111 0 0 1.000000 1.000000
76 151 1111 0 0 1.000000 1.000000
77 151 1111 0 0 1.000000 1.000000
78 151 1111 0 0 1.000000 1.000000
79 151 1111 0 0 1.000000 1.000000
80 151 1111 0 0 1.000000 1.000000
81 151 1111 0 0 1.000000 1.000000
82 151 1111 0 0 1.000000 1.000000
83 151 1111 0 0 1.000000 1.000000
84 151 1111 0 0 1.000000 1.000000
85 151 1111 0 0 1.000000 1.000000
86 151 1111 0 0 1.000000 1.000000
87 151 1111 0 0 1.000000 1.000000
88 151 1111 0 0 1.000000 1.000000
89 151 1111 0 0 1.000000 1.000000
90 151 1111 0 0 1.000000 1.000000
91 151 1111 0 0 1.000000 1.000000
92 151 1111 0 0 1.000000 1.000000
93 151 1111 0 0 1.000000 1.000000
94 151 1111 0 0 1.000000 1.000000
95 151 1111 0 0 1.000000 1.000000
96 151 1111 0 0 1.000000 1.000000
97 151 1111 0 0 1.000000 1.000000
98 151 1111 0 0 1.000000 1.000000
99 151 1111 0 0 1.000000 1.000000
100 151 1111 0 0 1.000000 1.000000
101 151 1111 0 0 1.000000 1.000000
102 151 1111 0 0 1.000000 1.000000
103 151 1111 0 0 1.000000 1.000000
104 151 1111 0 0 1.000000 1.000000
105 151 1111 0 0 1.000000 1.000000
106 151 1111 0 0 1.000000 1.000000
107 151 1111 0 0 1.000000 1.000000
108 151 1111 0 0 1.000000 1.000000
109 151 1111 0 0 1.000000 1.000000
110 151 1111 0 0 1.000000 1.000000
111 151 1111 0 0 1.000000 1.000000
112 151 1111 0 0 1.000000 1.000000
113 151 1111 0 0 1.000000 1.000000
114 151 1111 0 0 1.000000 1.000000
115 151 1111 0 0 1.000000 1.000000
116 151 1111 0 0 1.000000 1.000000
117 151 1111 0 0 1.000000 1.000000
118 151 1111 0 0 1.000000 1.000000
119 151 1111 0 0 1.000000 1.000000
120 151 1111 0 0 1.000000 1.000000
121 151 1111 0 0 1.000000 1.000000
122 151 1111 0 0 1.000000 1.000000
123 151 1111 0 0 1.000000 1.000000
124 151 1111 0 0 1.000000 1.000000
125 151 1111 0 0 1.000000 1.000000
126 151 1111 0 0 1.000000 1.000000
127 151 1111 0 0 1.000000 1.000000
128 151 1111 0 0 1.000000 1.000000
129 151 1111 0 0 1.000000 1.000000
130 151 1111 0 0 1.000000 1.000000
131 151 1111 0 0 1.000000 1.000000
132 151 1111 0 0 1.000000 1.000000
133 151 1111 0 0 1.000000 1.000000
134 151 1111 0 0 1.000000 1.000000
135 151 1111 0 0 1.000000 1.000000
136 151 1111 0 0 1.000000 1.000000
137 151 1111 0 0 1.000000 1.000000
138 151 1111 0 0 1.000000 1.000000
139 151 1111 0 0 1.000000 1.000000
140 151 1111 0 0 1.000000 1.000000
141 151 1111 0 0 1.000000 1.000000
142 151 1111 0 0 1.000000 1.000000
143 151 1111 0 0 1.000000 1.000000
144 151 1111 0 0 1.000000 1.000000
145 151 1111 0 0 1.000000 1.000000
146 151 1111 0 0 1.000000 1.000000
147 151 1111 0 0 1.000000 1.000000
148 151 1111 0 0 1.000000 1.000000
149 151 1111 0 0 1.000000 1.000000
150 151 1111 0 0 1.000000 1.000000
151 151 1111 0 0 1.000000 1.000000
152 151 1111 0 0 1.000000 1.000000
153 151 1111 0 0 1.000000 1.000000
154 151 1111 0 0 1.000000 1.000000
155 151 1111 0 0 1.000000 1.000000
156 151 1111 0 0 1.000000 1.000000
157 151 1111 0 0 1.000000 1.000000
158 151 1111 0 0 1.000000 1.000000
159 151 1111 0 0 1.000000 1.000000
160 151 1111 0 0 1.000000 1.000000
161 151 1111 0 0 1.000000 1.000000
162 151 1111 0 0 1.000000 1.000000
163 151 1111 0 0 1.000000 1.000000
164 151 1111 0 0 1.000000 1.000000
165 151 1111 0 0 1.000000 1.000000
166 151 1111 0 0 1.000000 1.000000
167 151 1111 0 0 1.000000 1.000000
168 151 1111 0 0 1.000000 1.000000
169 151 1111 0 0 1.000000 1.000000
170 151 1111 0 0 1.000000 1.000000
171 151 1111 0 0 1.000000 1.000000
172 151 1111 0 0 1.000000 1.000000
173 151 1111 0 0 1.000000 1.000000
174 151 1111 0 0 1.000000 1.000000
175 151 1111 0 0 1.000000 1.000000
176 151 1111 0 0 1.000000 1.000000
177 151 1111 0 0 1.000000 1.000000
178 151 1111 0 0 1.000000 1.000000
179 151 1111 0 0 1.000000 1.000000
180 151 1111 0 0 1.000000 1.000000
181 151 1111 0 0 1.000000 1.000000
182 151 1111 0 0 1.000000 1.000000
183 151 1111 0 0 1.000000 1.000000
184 151 1111 0 0 1.000000 1.000000
185 151 1111 0 0 1.000000 1.000000
186 151 1111 0 0 1.000000 1.000000
187 151 1111 0 0 1.000000 1.000000
188 151 1111 0 0 1.000000 1.000000
189 151 1111 0 0 1.000000 1.000000
190 151 1111 0 0 1.000000 1.000000
191 151 1111 0 0 1.000000 1.000000
192 151 1111 0 0 1.000000 1.000000
193 151 1111 0 0 1.000000 1.000000
194 151 1111 0 0 1.000000 1.000000
195 151 1111 0 0 1.000000 1.000000
196 151 1111 0 0 1.000000 1.000000
197 151 1111 0 0 1.000000 1.000000
198 151 1111 0 0 1.000000 1.000000
199 151 1111 0 0 1.000000 1.000000
200 151 1110 0 1 1.000000 0.999100
201 151 1109 0 2 1.000000 0.998200
202 151 1109 0 2 1.000000 0.998200
203 151 1109 0 2 1.000000 0.998200
204 151 1106 0 5 1.000000 0.995500
205 151 1103 0 8 1.000000 0.992799
206 151 1100 0 11 1.000000 0.990099
207 151 1090 0 21 1.000000 0.981098
208 151 1078 0 33 1.000000 0.970297
209 151 1065 0 46 1.000000 0.958596
210 151 1054 0 57 1.000000 0.948695
211 151 1039 0 72 1.000000 0.935194
212 150 1021 1 90 0.993378 0.918992
213 150 993 1 118 0.993378 0.893789
214 150 958 1 153 0.993378 0.862286
215 149 915 2 196 0.986755 0.823582
216 149 872 2 239 0.986755 0.784878
217 149 822 2 289 0.986755 0.739874
218 149 761 2 350 0.986755 0.684968
219 148 695 3 416 0.980132 0.625563
220 148 639 3 472 0.980132 0.575158
221 146 576 5 535 0.966887 0.518452
222 146 521 5 590 0.966887 0.468947
223 145 460 6 651 0.960265 0.414041
224 145 402 6 709 0.960265 0.361836
225 143 347 8 764 0.947020 0.312331
226 141 302 10 809 0.933775 0.271827
227 138 264 13 847 0.913907 0.237624
228 135 232 16 879 0.894040 0.208821
229 131 196 20 915 0.867550 0.176418
230 128 163 23 948 0.847682 0.146715
231 124 136 27 975 0.821192 0.122412
232 118 121 33 990 0.781457 0.108911
233 111 99 40 1012 0.735099 0.089109
234 105 79 46 1032 0.695364 0.071107
235 97 69 54 1042 0.642384 0.062106
236 89 58 62 1053 0.589404 0.052205
237 84 51 67 1060 0.556291 0.045905
238 79 44 72 1067 0.523179 0.039604
239 74 40 77 1071 0.490066 0.036004
240 59 30 92 1081 0.390728 0.027003
241 48 26 103 1085 0.317881 0.023402
242 43 20 108 1091 0.284768 0.018002
243 33 17 118 1094 0.218543 0.015302
244 27 12 124 1099 0.178808 0.010801
245 17 6 134 1105 0.112583 0.005401
246 13 4 138 1107 0.086093 0.003600
247 10 4 141 1107 0.066225 0.003600
248 6 3 145 1108 0.039735 0.002700
249 4 2 147 1109 0.026490 0.001800
250 3 2 148 1109 0.019868 0.001800
251 2 2 149 1109 0.013245 0.001800
252 1 1 150 1110 0.006623 0.000900
253 1 1 150 1110 0.006623 0.000900
254 0 1 151 1110 0.000000 0.000900
255 0 1 151 1110 0.000000 0.000900
T TP FP FN TN TPR FPR 
0 151 1111 0 0 1.000000 1.000000
1 151 1111 0 0 1.000000 1.000000
2 151 1111 0 0 1.000000 1.000000
3 151 1111 0 0 1.000000 1.000000
4 151 1111 0 0 1.000000 1.000000
5 151 1111 0 0 1.000000 1.000000
6 151 1111 0 0 1.000000 1.000000
7 151 1111 0 0 1.000000 1.000000
8 151 1111 0 0 1.000000 1.000000
9 151 1111 0 0 1.000000 1.000000
10 151 1111 0 0 1.000000 1.000000
11 151 1111 0 0 1.000000 1.000000
12 151 1111 0 0 1.000000 1.000000
13 151 1111 0 0 1.000000 1.000000
14 151 1111 0 0 1.000000 1.000000
15 151 1111 0 0 1.000000 1.000000
16 151 1111 0 0 1.000000 1.000000
17 151 1111 0 0 1.000000 1.000000
18 151 1111 0 0 1.000000 1.000000
19 151 1111 0 0 1.000000 1.000000
20 151 1111 0 0 1.000000 1.000000
21 151 1111 0 0 1.000000 1.000000
22 151 1111 0 0 1.000000 1.000000
23 151 1111 0 0 1.000000 1.000000
24 151 1111 0 0 1.000000 1.000000
25 151 1111 0 0 1.000000 1.000000
26 151 1111 0 0 1.000000 1.000000
27 151 1111 0 0 1.000000 1.000000
28 151 1111 0 0 1.000000 1.000000
29 151 1111 0 0 1.000000 1.000000
30 151 1111 0 0 1.000000 1.000000
31 151 1111 0 0 1.000000 1.000000
32 151 1111 0 0 1.000000 1.000000
33 151 1111 0 0 1.000000 1.000000
34 151 1111 0 0 1.000000 1.000000
35 151 1111 0 0 1.000000 1.000000
36 151 1111 0 0 1.000000 1.000000
37 151 1111 0 0 1.000000 1.000000
38 151 1111 0 0 1.000000 1.000000
39 151 1111 0 0 1.000000 1.000000
40 151 1111 0 0 1.000000 1.000000
41 151 1111 0 0 1.000000 1.000000
42 151 1111 0 0 1.000000 1.000000
43 151 1111 0 0 1.000000 1.000000
44 151 1111 0 0 1.000000 1.000000
45 151 1111 0 0 1.000000 1.000000
46 151 1111 0 0 1.000000 1.000000
47 151 1111 0 0 1.000000 1.000000
48 151 1111 0 0 1.000000 1.000000
49 151 1111 0 0 1.000000 1.000000
50 151 1111 0 0 1.000000 1.000000
51 151 1111 0 0 1.000000 1.000000
52 151 1111 0 0 1.000000 1.000000
53 151 1111 0 0 1.000000 1.000000
54 151 1111 0 0 1.000000 1.000000
55 151 1111 0 0 1.000000 1.000000
56 151 1111 0 0 1.000000 1.000000
57 151 1111 0 0 1.000000 1.000000
58 151 1111 0 0 1.000000 1.000000
59 151 1111 0 0 1.000000 1.000000
60 151 1111 0 0 1.000000 1.000000
61 151 1111 0 0 1.000000 1.000000
62 151 1111 0 0 1.000000 1.000000
63 151 1111 0 0 1.000000 1.000000
64 151 1111 0 0 1.000000 1.000000
65 151 1111 0 0 1.000000 1.000000
66 151 1111 0 0 1.000000 1.000000
67 151 1111 0 0 1.000000 1.000000
68 151 1111 0 0 1.000000 1.000000
69 151 1111 0 0 1.000000 1.000000
70 151 1111 0 0 1.000000 1.000000
71 151 1111 0 0 1.000000 1.000000
72 151 1111 0 0 1.000000 1.000000
73 151 1111 0 0 1.000000 1.000000
74 151 1111 0 0 1.000000 1.000000
75 151 1111 0 0 1.000000 1.000000
76 151 1111 0 0 1.000000 1.000000
77 151 1111 0 0 1.000000 1.000000
78 151 1111 0 0 1.000000 1.000000
79 151 1111 0 0 1.000000 1.000000
80 151 1111 0 0 1.000000 1.000000
81 151 1111 0 0 1.000000 1.000000
82 151 1111 0 0 1.000000 1.000000
83 151 1111 0 0 1.000000 1.000000
84 151 1111 0 0 1.000000 1.000000
85 151 1111 0 0 1.000000 1.000000
86 151 1111 0 0 1.000000 1.000000
87 151 1111 0 0 1.000000 1.000000
88 151 1111 0 0 1.000000 1.000000
89 151 1111 0 0 1.000000 1.000000
90 151 1111 0 0 1.000000 1.000000
91 151 1111 0 0 1.000000 1.000000
92 151 1111 0 0 1.000000 1.000000
93 151 1111 0 0 1.000000 1.000000
94 151 1111 0 0 1.000000 1.000000
95 151 1111 0 0 1.000000 1.000000
96 151 1111 0 0 1.000000 1.000000
97 151 1111 0 0 1.000000 1.000000
98 151 1111 0 0 1.000000 1.000000
99 151 1111 0 0 1.000000 1.000000
100 151 1111 0 0 1.000000 1.000000
101 151 1111 0 0 1.000000 1.000000
102 151 1111 0 0 1.000000 1.000000
103 151 1111 0 0 1.000000 1.000000
104 151 1111 0 0 1.000000 1.000000
105 151 1111 0 0 1.000000 1.000000
106 151 1111 0 0 1.000000 1.000000
107 151 1111 0 0 1.000000 1.000000
108 151 1111 0 0 1.000000 1.000000
109 151 1111 0 0 1.000000 1.000000
110 151 1111 0 0 1.000000 1.000000
111 151 1111 0 0 1.000000 1.000000
112 151 1111 0 0 1.000000 1.000000
113 151 1111 0 0 1.000000 1.000000
114 151 1111 0 0 1.000000 1.000000
115 151 1111 0 0 1.000000 1.000000
116 151 1111 0 0 1.000000 1.000000
117 151 1111 0 0 1.000000 1.000000
118 151 1111 0 0 1.000000 1.000000
119 151 1111 0 0 1.000000 1.000000
120 151 1111 0 0 1.000000 1.000000
121 151 1111 0 0 1.000000 1.000000
122 151 1111 0 0 1.000000 1.000000
123 151 1111 0 0 1.000000 1.000000
124 151 1111 0 0 1.000000 1.000000
125 151 1111 0 0 1.000000 1.000000
126 151 1111 0 0 1.000000 1.000000
127 151 1111 0 0 1.000000 1.000000
128 151 1111 0 0 1.000000 1.000000
129 151 1111 0 0 1.000000 1.000000
130 151 1111 0 0 1.000000 1.000000
131 151 1111 0 0 1.000000 1.000000
132 151 1111 0 0 1.000000 1.000000
133 151 1111 0 0 1.000000 1.000000
134 151 1111 0 0 1.000000 1.000000
135 151 1111 0 0 1.000000 1.000000
136 151 1111 0 0 1.000000 1.000000
137 151 1111 0 0 1.000000 1.000000
138 151 1111 0 0 1.000000 1.000000
139 151 1111 0 0 1.000000 1.000000
140 151 1111 0 0 1.000000 1.000000
141 151 1111 0 0 1.000000 1.000000
142 151 1111 0 0 1.000000 1.000000
143 151 1111 0 0 1.000000 1.000000
144 151 1111 0 0 1.000000 1.000000
145 151 1111 0 0 1.000000 1.000000
146 151 1111 0 0 1.000000 1.000000
147 151 1111 0 0 1.000000 1.000000
148 151 1111 0 0 1.000000 1.000000
149 151 1111 0 0 1.000000 1.000000
150 151 1111 0 0 1.000000 1.000000
151 151 1111 0 0 1.000000 1.000000
152 151 1111 0 0 1.000000 1.000000
153 151 1111 0 0 1.000000 1.000000
154 151 1111 0 0 1.000000 1.000000
155 151 1111 0 0 1.000000 1.000000
156 151 1111 0 0 1.000000 1.000000
157 151 1111 0 0 1.000000 1.000000
158 151 1111 0 0 1.000000 1.000000
159 151 1111 0 0 1.000000 1.000000
160 151 1111 0 0 1.000000 1.000000
161 151 1111 0 0 1.000000 1.000000
162 151 1111 0 0 1.000000 1.000000
163 151 1111 0 0 1.000000 1.000000
164 151 1111 0 0 1.000000 1.000000
165 151 1111 0 0 1.000000 1.000000
166 151 1111 0 0 1.000000 1.000000
167 151 1111 0 0 1.000000 1.000000
168 151 1111 0 0 1.000000 1.000000
169 151 1111 0 0 1.000000 1.000000
170 151 1111 0 0 1.000000 1.000000
171 151 1111 0 0 1.000000 1.000000
172 151 1111 0 0 1.000000 1.000000
173 151 1111 0 0 1.000000 1.000000
174 151 1111 0 0 1.000000 1.000000
175 151 1111 0 0 1.000000 1.000000
176 151 1111 0 0 1.000000 1.000000
177 151 1111 0 0 1.000000 1.000000
178 151 1111 0 0 1.000000 1.000000
179 151 1111 0 0 1.000000 1.000000
180 151 1111 0 0 1.000000 1.000000
181 151 1111 0 0 1.000000 1.000000
182 151 1111 0 0 1.000000 1.000000
183 151 1111 0 0 1.000000 1.000000
184 151 1111 0 0 1.000000 1.000000
185 151 1111 0 0 1.000000 1.000000
186 151 1111 0 0 1.000000 1.000000
187 151 1111 0 0 1.000000 1.000000
188 151 1111 0 0 1.000000 1.000000
189 151 1111 0 0 1.000000 1.000000
190 151 1111 0 0 1.000000 1.000000
191 151 1111 0 0 1.000000 1.000000
192 151 1111 0 0 1.000000 1.000000
193 151 1111 0 0 1.000000 1.000000
194 151 1111 0 0 1.000000 1.000000
195 151 1111 0 0 1.000000 1.000000
196 151 1111 0 0 1.000000 1.000000
197 151 1111 0 0 1.000000 1.000000
198 151 1111 0 0 1.000000 1.000000
199 151 1111 0 0 1.000000 1.000000
200 151 1111 0 0 1.000000 1.000000
201 151 1111 0 0 1.000000 1.000000
202 151 1110 0 1 1.000000 0.999100
203 151 1110 0 1 1.000000 0.999100
204 151 1110 0 1 1.000000 0.999100
205 151 1110 0 1 1.000000 0.999100
206 151 1109 0 2 1.000000 0.998200
207 151 1109 0 2 1.000000 0.998200
208 151 1109 0 2 1.000000 0.998200
209 151 1107 0 4 1.000000 0.996400
210 150 1103 1 8 0.993378 0.992799
211 150 1099 1 12 0.993378 0.989199
212 150 1093 1 18 0.993378 0.983798
213 150 1089 1 22 0.993378 0.980198
214 150 1081 1 30 0.993378 0.972997
215 150 1070 1 41 0.993378 0.963096
216 150 1054 1 57 0.993378 0.948695
217 148 1037 3 74 0.980132 0.933393
218 147 1016 4 95 0.973510 0.914491
219 146 990 5 121 0.966887 0.891089
220 145 963 6 148 0.960265 0.866787
221 143 932 8 179 0.947020 0.838884
222 143 892 8 219 0.947020 0.802880
223 141 850 10 261 0.933775 0.765077
224 137 797 14 314 0.907285 0.717372
225 131 744 20 367 0.867550 0.669667
226 126 678 25 433 0.834437 0.610261
227 121 613 30 498 0.801324 0.551755
228 110 544 41 567 0.728477 0.489649
229 105 492 46 619 0.695364 0.442844
230 95 434 56 677 0.629139 0.390639
231 89 373 62 738 0.589404 0.335734
232 78 310 73 801 0.516556 0.279028
233 67 258 84 853 0.443709 0.232223
234 50 209 101 902 0.331126 0.188119
235 44 155 107 956 0.291391 0.139514
236 33 129 118 982 0.218543 0.116112
237 21 92 130 1019 0.139073 0.082808
238 15 75 136 1036 0.099338 0.067507
239 6 50 145 1061 0.039735 0.045005
240 4 36 147 1075 0.026490 0.032403
241 2 32 149 1079 0.013245 0.028803
242 1 19 150 1092 0.006623 0.017102
243 1 12 150 1099 0.006623 0.010801
244 1 10 150 1101 0.006623 0.009001
245 0 7 151 1104 0.000000 0.006301
246 0 6 151 1105 0.000000 0.005401
247 0 4 151 1107 0.000000 0.003600
248 0 3 151 1108 0.000000 0.002700
249 0 1 151 1110 0.000000 0.000900
250 0 0 151 1111 0.000000 0.000000
251 0 0 151 1111 0.000000 0.000000
252 0 0 151 1111 0.000000 0.000000
253 0 0 151 1111 0.000000 0.000000
254 0 0 151 1111 0.000000 0.000000
255 0 0 151 1111 0.000000 0.000000
T TP FP FN TN TPR FPR 
0 151 1111 0 0 1.000000 1.000000
1 151 1111 0 0 1.000000 1.000000
2 151 1111 0 0 1.000000 1.000000
3 151 1111 0 0 1.000000 1.000000
4 151 1111 0 0 1.000000 1.000000
5 151 1111 0 0 1.000000 1.000000
6 151 1111 0 0 1.000000 1.000000
7 151 1111 0 0 1.000000 1.000000
8 151 1111 0 0 1.000000 1.000000
9 151 1111 0 0 1.000000 1.000000
10 151 1111 0 0 1.000000 1.000000
11 151 1111 0 0 1.000000 1.000000
12 151 1111 0 0 1.000000 1.000000
13 151 1111 0 0 1.000000 1.000000
14 151 1111 0 0 1.000000 1.000000
15 151 1111 0 0 1.000000 1.000000
16 151 1111 0 0 1.000000 1.000000
17 151 1111 0 0 1.000000 1.000000
18 151 1111 0 0 1.000000 1.000000
19 151 1111 0 0 1.000000 1.000000
20 151 1111 0 0 1.000000 1.000000
21 151 1111 0 0 1.000000 1.000000
22 151 1111 0 0 1.000000 1.000000
23 151 1111 0 0 1.000000 1.000000
24 151 1111 0 0 1.000000 1.000000
25 151 1111 0 0 1.000000 1.000000
26 151 1111 0 0 1.000000 1.000000
27 151 1111 0 0 1.000000 1.000000
28 151 1111 0 0 1.000000 1.000000
29 151 1111 0 0 1.000000 1.000000
30 151 1111 0 0 1.000000 1.000000
31 151 1111 0 0 1.000000 1.000000
32 151 1111 0 0 1.000000 1.000000
33 151 1111 0 0 1.000000 1.000000
34 151 1111 0 0 1.000000 1.000000
35 151 1111 0 0 1.000000 1.000000
36 151 1111 0 0 1.000000 1.000000
37 151 1111 0 0 1.000000 1.000000
38 151 1111 0 0 1.000000 1.000000
39 151 1111 0 0 1.000000 1.000000
40 151 1111 0 0 1.000000 1.000000
41 151 1111 0 0 1.000000 1.000000
42 151 1111 0 0 1.000000 1.000000
43 151 1111 0 0 1.000000 1.000000
44 151 1111 0 0 1.000000 1.000000
45 151 1111 0 0 1.000000 1.000000
46 151 1111 0 0 1.000000 1.000000
47 151 1111 0 0 1.000000 1.000000
48 151 1111 0 0 1.000000 1.000000
49 151 1111 0 0 1.000000 1.000000
50 151 1111 0 0 1.000000 1.000000
51 151 1111 0 0 1.000000 1.000000
52 151 1111 0 0 1.000000 1.000000
53 151 1111 0 0 1.000000 1.000000
54 151 1111 0 0 1.000000 1.000000
55 151 1111 0 0 1.000000 1.000000
56 151 1111 0 0 1.000000 1.000000
57 151 1111 0 0 1.000000 1.000000
58 151 1111 0 0 1.000000 1.000000
59 151 1111 0 0 1.000000 1.000000
60 151 1111 0 0 1.000000 1.000000
61 151 1111 0 0 1.000000 1.000000
62 151 1111 0 0 1.000000 1.000000
63 151 1111 0 0 1.000000 1.000000
64 151 1111 0 0 1.000000 1.000000
65 151 1111 0 0 1.000000 1.000000
66 151 1111 0 0 1.000000 1.000000
67 151 1111 0 0 1.000000 1.000000
68 151 1111 0 0 1.000000 1.000000
69 151 1111 0 0 1.000000 1.000000
70 151 1111 0 0 1.000000 1.000000
71 151 1111 0 0 1.000000 1.000000
72 151 1111 0 0 1.000000 1.000000
73 151 1111 0 0 1.000000 1.000000
74 151 1111 0 0 1.000000 1.000000
75 151 1111 0 0 1.000000 1.000000
76 151 1111 0 0 1.000000 1.000000
77 151 1111 0 0 1.000000 1.000000
78 151 1111 0 0 1.000000 1.000000
79 151 1111 0 0 1.000000 1.000000
80 151 1111 0 0 1.000000 1.000000
81 151 1111 0 0 1.000000 1.000000
82 151 1111 0 0 1.000000 1.000000
83 151 1111 0 0 1.000000 1.000000
84 151 1111 0 0 1.000000 1.000000
85 151 1111 0 0 1.000000 1.000000
86 151 1111 0 0 1.000000 1.000000
87 151 1111 0 0 1.000000 1.000000
88 151 1111 0 0 1.000000 1.000000
89 151 1111 0 0 1.000000 1.000000
90 151 1111 0 0 1.000000 1.000000
91 151 1111 0 0 1.000000 1.000000
92 151 1111 0 0 1.000000 1.000000
93 151 1111 0 0 1.000000 1.000000
94 151 1111 0 0 1.000000 1.000000
95 151 1111 0 0 1.000000 1.000000
96 151 1111 0 0 1.000000 1.000000
97 151 1111 0 0 1.000000 1.000000
98 151 1111 0 0 1.000000 1.000000
99 151 1111 0 0 1.000000 1.000000
100 151 1111 0 0 1.000000 1.000000
101 151 1111 0 0 1.000000 1.000000
102 151 1111 0 0 1.000000 1.000000
103 151 1111 0 0 1.000000 1.000000
104 151 1111 0 0 1.000000 1.000000
105 151 1111 0 0 1.000000 1.000000
106 151 1111 0 0 1.000000 1.000000
107 151 1111 0 0 1.000000 1.000000
108 151 1111 0 0 1.000000 1.000000
109 151 1111 0 0 1.000000 1.000000
110 151 1111 0 0 1.000000 1.000000
111 151 1111 0 0 1.000000 1.000000
112 151 1111 0 0 1.000000 1.000000
113 151 1111 0 0 1.000000 1.000000
114 151 1111 0 0 1.000000 1.000000
115 151 1111 0 0 1.000000 1.000000
116 151 1111 0 0 1.000000 1.000000
117 151 1111 0 0 1.000000 1.000000
118 151 1111 0 0 1.000000 1.000000
119 151 1111 0 0 1.000000 1.000000
120 151 1111 0 0 1.000000 1.000000
121 151 1111 0 0 1.000000 1.000000
122 151 1111 0 0 1.000000 1.000000
123 151 1111 0 0 1.000000 1.000000
124 151 1111 0 0 1.000000 1.000000
125 151 1111 0 0 1.000000 1.000000
126 151 1111 0 0 1.000000 1.000000
127 151 1111 0 0 1.000000 1.000000
128 151 1111 0 0 1.000000 1.000000
129 151 1111 0 0 1.000000 1.000000
130 151 1111 0 0 1.000000 1.000000
131 151 1111 0 0 1.000000 1.000000
132 151 1111 0 0 1.000000 1.000000
133 151 1111 0 0 1.000000 1.000000
134 151 1111 0 0 1.000000 1.000000
135 151 1111 0 0 1.000000 1.000000
136 151 1111 0 0 1.000000 1.000000
137 151 1111 0 0 1.000000 1.000000
138 151 1111 0 0 1.000000 1.000000
139 151 1111 0 0 1.000000 1.000000
140 151 1111 0 0 1.000000 1.000000
141 151 1111 0 0 1.000000 1.000000
142 151 1111 0 0 1.000000 1.000000
143 151 1111 0 0 1.000000 1.000000
144 151 1111 0 0 1.000000 1.000000
145 151 1111 0 0 1.000000 1.000000
146 151 1111 0 0 1.000000 1.000000
147 151 1111 0 0 1.000000 1.000000
148 151 1111 0 0 1.000000 1.000000
149 151 1111 0 0 1.000000 1.000000
150 151 1111 0 0 1.000000 1.000000
151 151 1111 0 0 1.000000 1.000000
152 151 1111 0 0 1.000000 1.000000
153 151 1111 0 0 1.000000 1.000000
154 151 1111 0 0 1.000000 1.000000
155 151 1111 0 0 1.000000 1.000000
156 151 1111 0 0 1.000000 1.000000
157 151 1111 0 0 1.000000 1.000000
158 151 1111 0 0 1.000000 1.000000
159 151 1111 0 0 1.000000 1.000000
160 151 1111 0 0 1.000000 1.000000
161 151 1111 0 0 1.000000 1.000000
162 151 1111 0 0 1.000000 1.000000
163 151 1111 0 0 1.000000 1.000000
164 151 1111 0 0 1.000000 1.000000
165 151 1111 0 0 1.000000 1.000000
166 151 1111 0 0 1.000000 1.000000
167 151 1111 0 0 1.000000 1.000000
168 151 1111 0 0 1.000000 1.000000
169 151 1111 0 0 1.000000 1.000000
170 151 1111 0 0 1.000000 1.000000
171 151 1111 0 0 1.000000 1.000000
172 151 1111 0 0 1.000000 1.000000
173 151 1111 0 0 1.000000 1.000000
174 151 1111 0 0 1.000000 1.000000
175 151 1111 0 0 1.000000 1.000000
176 151 1111 0 0 1.000000 1.000000
177 151 1111 0 0 1.000000 1.000000
178 151 1111 0 0 1.000000 1.000000
179 151 1111 0 0 1.000000 1.000000
180 151 1111 0 0 1.000000 1.000000
181 151 1111 0 0 1.000000 1.000000
182 151 1111 0 0 1.000000 1.000000
183 151 1111 0 0 1.000000 1.000000
184 151 1111 0 0 1.000000 1.000000
185 151 1111 0 0 1.000000 1.000000
186 151 1111 0 0 1.000000 1.000000
187 151 1111 0 0 1.000000 1.000000
188 151 1111 0 0 1.000000 1.000000
189 151 1111 0 0 1.000000 1.000000
190 151 1111 0 0 1.000000 1.000000
191 151 1111 0 0 1.000000 1.000000
192 151 1111 0 0 1.000000 1.000000
193 151 1111 0 0 1.000000 1.000000
194 151 1111 0 0 1.000000 1.000000
195 151 1111 0 0 1.000000 1.000000
196 151 1110 0 1 1.000000 0.999100
197 151 1110 0 1 1.000000 0.999100
198 151 1109 0 2 1.000000 0.998200
199 151 1106 0 5 1.000000 0.995500
200 151 1104 0 7 1.000000 0.993699
201 151 1101 0 10 1.000000 0.990999
202 151 1091 0 20 1.000000 0.981998
203 151 1080 0 31 1.000000 0.972097
204 151 1075 0 36 1.000000 0.967597
205 151 1059 0 52 1.000000 0.953195
206 151 1042 0 69 1.000000 0.937894
207 151 1023 0 88 1.000000 0.920792
208 151 1007 0 104 1.000000 0.906391
209 151 976 0 135 1.000000 0.878488
210 151 929 0 182 1.000000 0.836184
211 151 887 0 224 1.000000 0.798380
212 150 835 1 276 0.993378 0.751575
213 150 775 1 336 0.993378 0.697570
214 149 711 2 400 0.986755 0.639964
215 149 657 2 454 0.986755 0.591359
216 149 593 2 518 0.986755 0.533753
217 149 549 2 562 0.986755 0.494149
218 149 507 2 604 0.986755 0.456346
219 147 453 4 658 0.973510 0.407741
220 147 407 4 704 0.973510 0.366337
221 146 362 5 749 0.966887 0.325833
222 145 315 6 796 0.960265 0.283528
223 145 282 6 829 0.960265 0.253825
224 144 253 7 858 0.953642 0.227723
225 142 221 9 890 0.940397 0.198920
226 138 190 13 921 0.913907 0.171017
227 135 159 16 952 0.894040 0.143114
228 131 139 20 972 0.867550 0.125113
229 130 123 21 988 0.860927 0.110711
230 126 109 25 1002 0.834437 0.098110
231 122 94 29 1017 0.807947 0.084608
232 117 83 34 1028 0.774834 0.074707
233 107 72 44 1039 0.708609 0.064806
234 102 65 49 1046 0.675497 0.058506
235 95 54 56 1057 0.629139 0.048605
236 88 49 63 1062 0.582781 0.044104
237 84 45 67 1066 0.556291 0.040504
238 78 40 73 1071 0.516556 0.036004
239 73 30 78 1081 0.483444 0.027003
240 60 24 91 1087 0.397351 0.021602
241 51 22 100 1089 0.337748 0.019802
242 41 16 110 1095 0.271523 0.014401
243 36 11 115 1100 0.238411 0.009901
244 29 9 122 1102 0.192053 0.008101
245 25 5 126 1106 0.165563 0.004500
246 15 4 136 1107 0.099338 0.003600
247 12 4 139 1107 0.079470 0.003600
248 9 3 142 1108 0.059603 0.002700
249 6 2 145 1109 0.039735 0.001800
250 4 2 147 1109 0.026490 0.001800
251 3 1 148 1110 0.019868 0.000900
252 2 1 149 1110 0.013245 0.000900
253 1 1 150 1110 0.006623 0.000900
254 1 1 150 1110 0.006623 0.000900
255 0 1 151 1110 0.000000 0.000900
